      2.00000      928.274
      3.00000      920.950
      4.00000      906.442
      5.00000      896.340
      6.00000      888.471
      7.00000      884.928
      8.00000      883.681
      9.00000      885.619
      10.0000      887.915
      11.0000      893.351
      12.0000      900.964
      13.0000      908.735
      14.0000      916.556
      15.0000      924.797
      16.0000      933.749
      17.0000      943.404
      18.0000      953.682
      19.0000      964.503
      20.0000      975.787
      21.0000      987.464
      22.0000      999.501
      23.0000      1011.88
      24.0000      1024.56
      25.0000      1037.54
      26.0000      1050.80
      27.0000      1064.29
      28.0000      1078.02
      29.0000      1091.95
      30.0000      1106.06
      31.0000      1120.33
      32.0000      1134.76
      33.0000      1149.35
      34.0000      1164.08
      35.0000      1178.97
      36.0000      1193.99
      37.0000      1209.16
      38.0000      1224.46
      39.0000      1239.89
      40.0000      1255.46
      41.0000      1271.15
      42.0000      1286.97
      43.0000      1302.92
      44.0000      1319.01
      45.0000      1335.24
      46.0000      1351.60
      47.0000      1368.11
      48.0000      1384.76
      49.0000      1401.56
      50.0000      1418.52
      51.0000      1435.62
      52.0000      1452.89
      53.0000      1470.31
      54.0000      1487.89
      55.0000      1505.64
      56.0000      1523.55
      57.0000      1541.63
      58.0000      1559.88
      59.0000      1578.30
      60.0000      1596.90
      61.0000      1615.69
      62.0000      1634.65
      63.0000      1653.81
      64.0000      1673.15
      65.0000      1692.69
      66.0000      1712.42
      67.0000      1732.36
      68.0000      1752.51
      69.0000      1772.87
      70.0000      1793.44
      71.0000      1814.24
      72.0000      1835.25
      73.0000      1856.48
      74.0000      1877.93
      75.0000      1899.60
      76.0000      1921.48
      77.0000      1943.58
      78.0000      1965.90
      79.0000      1988.43
      80.0000      2011.18
      81.0000      2034.15
      82.0000      2057.33
      83.0000      2080.74
      84.0000      2104.37
      85.0000      2128.23
      86.0000      2152.31
      87.0000      2176.62
      88.0000      2201.17
      89.0000      2225.95
      90.0000      2250.97
      91.0000      2276.23
      92.0000      2301.72
      93.0000      2327.45
      94.0000      2353.40
      95.0000      2379.58
      96.0000      2405.97
      97.0000      2432.57
      98.0000      2459.38
      99.0000      2486.39
      100.000      2513.60
      101.000      2541.01
      102.000      2568.61
      103.000      2596.40
      104.000      2624.37
      105.000      2652.53
      106.000      2680.86
      107.000      2709.36
      108.000      2738.04
      109.000      2766.89
      110.000      2795.90
      111.000      2825.07
      112.000      2854.40
      113.000      2883.89
      114.000      2913.51
      115.000      2943.27
      116.000      2973.17
      117.000      3003.19
      118.000      3033.32
      119.000      3063.57
      120.000      3093.93
      121.000      3124.39
      122.000      3154.94
      123.000      3185.58
      124.000      3216.31
      125.000      3247.12
      126.000      3277.99
      127.000      3308.94
      128.000      3339.94
      129.000      3371.01
      130.000      3402.12
      131.000      3433.28
      132.000      3464.47
      133.000      3495.69
      134.000      3526.91
      135.000      3558.13
      136.000      3589.34
      137.000      3620.52
      138.000      3651.65
      139.000      3682.74
      140.000      3713.76
      141.000      3744.71
      142.000      3775.56
      143.000      3806.32
      144.000      3836.96
      145.000      3867.47
      146.000      3897.84
      147.000      3928.07
      148.000      3958.12
      149.000      3988.00
      150.000      4017.68
      151.000      4047.17
      152.000      4076.44
      153.000      4105.51
      154.000      4134.36
      155.000      4163.00
      156.000      4191.42
      157.000      4219.61
      158.000      4247.59
      159.000      4275.33
      160.000      4302.84
      161.000      4330.12
      162.000      4357.15
      163.000      4383.94
      164.000      4410.49
      165.000      4436.78
      166.000      4462.81
      167.000      4488.58
      168.000      4514.08
      169.000      4539.31
      170.000      4564.26
      171.000      4588.93
      172.000      4613.31
      173.000      4637.39
      174.000      4661.17
      175.000      4684.64
      176.000      4707.79
      177.000      4730.62
      178.000      4753.12
      179.000      4775.29
      180.000      4797.11
      181.000      4818.57
      182.000      4839.68
      183.000      4860.41
      184.000      4880.77
      185.000      4900.74
      186.000      4920.31
      187.000      4939.48
      188.000      4958.23
      189.000      4976.55
      190.000      4994.44
      191.000      5011.88
      192.000      5028.86
      193.000      5045.37
      194.000      5061.40
      195.000      5076.93
      196.000      5091.96
      197.000      5106.46
      198.000      5120.44
      199.000      5133.87
      200.000      5146.74
      201.000      5159.03
      202.000      5170.76
      203.000      5181.92
      204.000      5192.52
      205.000      5202.56
      206.000      5212.05
      207.000      5221.00
      208.000      5229.39
      209.000      5237.24
      210.000      5244.54
      211.000      5251.31
      212.000      5257.54
      213.000      5263.22
      214.000      5268.37
      215.000      5272.98
      216.000      5277.05
      217.000      5280.58
      218.000      5283.57
      219.000      5286.01
      220.000      5287.91
      221.000      5289.27
      222.000      5290.07
      223.000      5290.33
      224.000      5290.02
      225.000      5289.16
      226.000      5287.73
      227.000      5285.73
      228.000      5283.16
      229.000      5280.01
      230.000      5276.27
      231.000      5271.94
      232.000      5267.01
      233.000      5261.47
      234.000      5255.32
      235.000      5248.55
      236.000      5241.14
      237.000      5233.10
      238.000      5224.42
      239.000      5215.12
      240.000      5205.22
      241.000      5194.73
      242.000      5183.66
      243.000      5172.03
      244.000      5159.84
      245.000      5147.12
      246.000      5133.87
      247.000      5120.10
      248.000      5105.83
      249.000      5091.07
      250.000      5075.83
      251.000      5060.11
      252.000      5043.93
      253.000      5027.30
      254.000      5010.23
      255.000      4992.72
      256.000      4974.79
      257.000      4956.43
      258.000      4937.67
      259.000      4918.51
      260.000      4898.95
      261.000      4879.00
      262.000      4858.68
      263.000      4837.98
      264.000      4816.91
      265.000      4795.48
      266.000      4773.69
      267.000      4751.55
      268.000      4729.07
      269.000      4706.24
      270.000      4683.08
      271.000      4659.59
      272.000      4635.77
      273.000      4611.63
      274.000      4587.17
      275.000      4562.39
      276.000      4537.30
      277.000      4511.90
      278.000      4486.19
      279.000      4460.18
      280.000      4433.87
      281.000      4407.26
      282.000      4380.35
      283.000      4353.14
      284.000      4325.64
      285.000      4297.86
      286.000      4269.79
      287.000      4241.46
      288.000      4212.89
      289.000      4184.07
      290.000      4155.03
      291.000      4125.77
      292.000      4096.31
      293.000      4066.67
      294.000      4036.84
      295.000      4006.85
      296.000      3976.70
      297.000      3946.41
      298.000      3915.98
      299.000      3885.44
      300.000      3854.78
      301.000      3824.02
      302.000      3793.18
      303.000      3762.25
      304.000      3731.26
      305.000      3700.21
      306.000      3669.12
      307.000      3637.99
      308.000      3606.83
      309.000      3575.66
      310.000      3544.49
      311.000      3513.33
      312.000      3482.18
      313.000      3451.06
      314.000      3419.97
      315.000      3388.94
      316.000      3357.97
      317.000      3327.07
      318.000      3296.25
      319.000      3265.52
      320.000      3234.89
      321.000      3204.38
      322.000      3173.99
      323.000      3143.74
      324.000      3113.64
      325.000      3083.70
      326.000      3053.92
      327.000      3024.33
      328.000      2994.93
      329.000      2965.74
      330.000      2936.76
      331.000      2908.02
      332.000      2879.51
      333.000      2851.24
      334.000      2823.22
      335.000      2795.44
      336.000      2767.90
      337.000      2740.61
      338.000      2713.57
      339.000      2686.77
      340.000      2660.23
      341.000      2633.94
      342.000      2607.90
      343.000      2582.12
      344.000      2556.59
      345.000      2531.33
      346.000      2506.33
      347.000      2481.61
      348.000      2457.15
      349.000      2432.96
      350.000      2409.06
      351.000      2385.44
      352.000      2362.10
      353.000      2339.05
      354.000      2316.30
      355.000      2293.85
      356.000      2271.70
      357.000      2249.86
      358.000      2228.34
      359.000      2207.13
      360.000      2186.26
      361.000      2165.71
      362.000      2145.51
      363.000      2125.64
      364.000      2106.14
      365.000      2086.99
      366.000      2068.20
      367.000      2049.79
      368.000      2031.77
      369.000      2014.13
      370.000      1996.89
      371.000      1980.06
      372.000      1963.64
      373.000      1947.65
      374.000      1932.09
      375.000      1916.98
      376.000      1902.33
      377.000      1888.14
      378.000      1874.42
      379.000      1861.20
      380.000      1848.45
      381.000      1836.18
      382.000      1824.37
      383.000      1813.02
      384.000      1802.11
      385.000      1791.64
      386.000      1781.61
      387.000      1771.99
      388.000      1762.80
      389.000      1754.01
      390.000      1745.62
      391.000      1737.63
      392.000      1730.03
      393.000      1722.82
      394.000      1715.98
      395.000      1709.51
      396.000      1703.42
      397.000      1697.69
      398.000      1692.32
      399.000      1687.30
      400.000      1682.63
      401.000      1678.32
      402.000      1674.34
      403.000      1670.71
      404.000      1667.42
      405.000      1664.46
      406.000      1661.84
      407.000      1659.54
      408.000      1657.58
      409.000      1655.94
      410.000      1654.63
      411.000      1653.65
      412.000      1652.99
      413.000      1652.65
      414.000      1652.63
      415.000      1652.94
      416.000      1653.57
      417.000      1654.52
      418.000      1655.80
      419.000      1657.40
      420.000      1659.32
      421.000      1661.57
      422.000      1664.15
      423.000      1667.06
      424.000      1670.29
      425.000      1673.86
      426.000      1677.77
      427.000      1682.00
      428.000      1686.56
      429.000      1691.42
      430.000      1696.58
      431.000      1702.04
      432.000      1707.77
      433.000      1713.76
      434.000      1720.02
      435.000      1726.53
      436.000      1733.28
      437.000      1740.26
      438.000      1747.47
      439.000      1754.88
      440.000      1762.51
      441.000      1770.33
      442.000      1778.34
      443.000      1786.53
      444.000      1794.89
      445.000      1803.42
      446.000      1812.11
      447.000      1820.94
      448.000      1829.92
      449.000      1839.03
      450.000      1848.27
      451.000      1857.63
      452.000      1867.10
      453.000      1876.67
      454.000      1886.35
      455.000      1896.12
      456.000      1905.97
      457.000      1915.90
      458.000      1925.91
      459.000      1935.97
      460.000      1946.10
      461.000      1956.28
      462.000      1966.50
      463.000      1976.76
      464.000      1987.05
      465.000      1997.37
      466.000      2007.71
      467.000      2018.06
      468.000      2028.42
      469.000      2038.77
      470.000      2049.12
      471.000      2059.46
      472.000      2069.78
      473.000      2080.07
      474.000      2090.33
      475.000      2100.55
      476.000      2110.74
      477.000      2120.89
      478.000      2130.99
      479.000      2141.04
      480.000      2151.04
      481.000      2160.99
      482.000      2170.88
      483.000      2180.70
      484.000      2190.46
      485.000      2200.15
      486.000      2209.77
      487.000      2219.32
      488.000      2228.78
      489.000      2238.16
      490.000      2247.45
      491.000      2256.64
      492.000      2265.75
      493.000      2274.75
      494.000      2283.65
      495.000      2292.44
      496.000      2301.11
      497.000      2309.67
      498.000      2318.11
      499.000      2326.42
      500.000      2334.60
      501.000      2342.65
      502.000      2350.56
      503.000      2358.32
      504.000      2365.92
      505.000      2373.38
      506.000      2380.67
      507.000      2387.80
      508.000      2394.75
      509.000      2401.53
      510.000      2408.13
      511.000      2414.53
      512.000      2420.74
      513.000      2426.75
      514.000      2432.55
      515.000      2438.14
      516.000      2443.50
      517.000      2448.64
      518.000      2453.55
      519.000      2458.21
      520.000      2462.62
      521.000      2466.78
      522.000      2470.69
      523.000      2474.35
      524.000      2477.76
      525.000      2480.94
      526.000      2483.88
      527.000      2486.59
      528.000      2489.07
      529.000      2491.32
      530.000      2493.36
      531.000      2495.17
      532.000      2496.78
      533.000      2498.16
      534.000      2499.34
      535.000      2500.31
      536.000      2501.08
      537.000      2501.65
      538.000      2502.01
      539.000      2502.17
      540.000      2502.14
      541.000      2501.92
      542.000      2501.49
      543.000      2500.88
      544.000      2500.08
      545.000      2499.08
      546.000      2497.90
      547.000      2496.53
      548.000      2494.97
      549.000      2493.22
      550.000      2491.28
      551.000      2489.16
      552.000      2486.86
      553.000      2484.36
      554.000      2481.68
      555.000      2478.82
      556.000      2475.76
      557.000      2472.52
      558.000      2469.09
      559.000      2465.47
      560.000      2461.66
      561.000      2457.66
      562.000      2453.46
      563.000      2449.07
      564.000      2444.49
      565.000      2439.71
      566.000      2434.73
      567.000      2429.54
      568.000      2424.16
      569.000      2418.58
      570.000      2412.80
      571.000      2406.84
      572.000      2400.70
      573.000      2394.40
      574.000      2387.92
      575.000      2381.29
      576.000      2374.51
      577.000      2367.59
      578.000      2360.53
      579.000      2353.33
      580.000      2346.01
      581.000      2338.57
      582.000      2331.01
      583.000      2323.35
      584.000      2315.59
      585.000      2307.72
      586.000      2299.77
      587.000      2291.73
      588.000      2283.61
      589.000      2275.42
      590.000      2267.15
      591.000      2258.83
      592.000      2250.44
      593.000      2242.00
      594.000      2233.51
      595.000      2224.98
      596.000      2216.41
      597.000      2207.81
      598.000      2199.18
      599.000      2190.52
      600.000      2181.85
      601.000      2173.17
      602.000      2164.48
      603.000      2155.78
      604.000      2147.09
      605.000      2138.41
      606.000      2129.73
      607.000      2121.08
      608.000      2112.44
      609.000      2103.84
      610.000      2095.26
      611.000      2086.73
      612.000      2078.23
      613.000      2069.78
      614.000      2061.39
      615.000      2053.05
      616.000      2044.78
      617.000      2036.57
      618.000      2028.43
      619.000      2020.35
      620.000      2012.34
      621.000      2004.40
      622.000      1996.53
      623.000      1988.73
      624.000      1981.01
      625.000      1973.37
      626.000      1965.81
      627.000      1958.32
      628.000      1950.93
      629.000      1943.62
      630.000      1936.39
      631.000      1929.26
      632.000      1922.22
      633.000      1915.27
      634.000      1908.42
      635.000      1901.68
      636.000      1895.03
      637.000      1888.49
      638.000      1882.06
      639.000      1875.74
      640.000      1869.54
      641.000      1863.45
      642.000      1857.48
      643.000      1851.64
      644.000      1845.92
      645.000      1840.33
      646.000      1834.88
      647.000      1829.56
      648.000      1824.39
      649.000      1819.36
      650.000      1814.48
      651.000      1809.75
      652.000      1805.18
      653.000      1800.77
      654.000      1796.53
      655.000      1792.45
      656.000      1788.55
      657.000      1784.83
      658.000      1781.29
      659.000      1777.94
      660.000      1774.79
      661.000      1771.84
      662.000      1769.09
      663.000      1766.55
      664.000      1764.21
      665.000      1762.07
      666.000      1760.14
      667.000      1758.40
      668.000      1756.85
      669.000      1755.49
      670.000      1754.32
      671.000      1753.33
      672.000      1752.52
      673.000      1751.89
      674.000      1751.44
      675.000      1751.15
      676.000      1751.05
      677.000      1751.11
      678.000      1751.34
      679.000      1751.73
      680.000      1752.29
      681.000      1753.02
      682.000      1753.90
      683.000      1754.95
      684.000      1756.15
      685.000      1757.51
      686.000      1759.04
      687.000      1760.71
      688.000      1762.55
      689.000      1764.54
      690.000      1766.68
      691.000      1768.98
      692.000      1771.44
      693.000      1774.05
      694.000      1776.81
      695.000      1779.73
      696.000      1782.80
      697.000      1786.03
      698.000      1789.41
      699.000      1792.95
      700.000      1796.65
      701.000      1800.50
      702.000      1804.52
      703.000      1808.69
      704.000      1813.03
      705.000      1817.52
      706.000      1822.18
      707.000      1827.01
      708.000      1832.00
      709.000      1837.16
      710.000      1842.49
      711.000      1847.98
      712.000      1853.64
      713.000      1859.45
      714.000      1865.40
      715.000      1871.50
      716.000      1877.74
      717.000      1884.11
      718.000      1890.60
      719.000      1897.22
      720.000      1903.96
      721.000      1910.80
      722.000      1917.76
      723.000      1924.81
      724.000      1931.96
      725.000      1939.21
      726.000      1946.54
      727.000      1953.96
      728.000      1961.45
      729.000      1969.02
      730.000      1976.66
      731.000      1984.37
      732.000      1992.14
      733.000      1999.97
      734.000      2007.85
      735.000      2015.77
      736.000      2023.75
      737.000      2031.76
      738.000      2039.82
      739.000      2047.90
      740.000      2056.02
      741.000      2064.16
      742.000      2072.32
      743.000      2080.50
      744.000      2088.69
      745.000      2096.89
      746.000      2105.10
      747.000      2113.31
      748.000      2121.51
      749.000      2129.71
      750.000      2137.91
      751.000      2146.08
      752.000      2154.24
      753.000      2162.38
      754.000      2170.49
      755.000      2178.58
      756.000      2186.62
      757.000      2194.64
      758.000      2202.61
      759.000      2210.54
      760.000      2218.42
      761.000      2226.26
      762.000      2234.04
      763.000      2241.78
      764.000      2249.46
      765.000      2257.08
      766.000      2264.64
      767.000      2272.14
      768.000      2279.58
      769.000      2286.94
      770.000      2294.24
      771.000      2301.47
      772.000      2308.62
      773.000      2315.69
      774.000      2322.67
      775.000      2329.58
      776.000      2336.39
      777.000      2343.12
      778.000      2349.75
      779.000      2356.29
      780.000      2362.72
      781.000      2369.05
      782.000      2375.27
      783.000      2381.38
      784.000      2387.38
      785.000      2393.26
      786.000      2399.01
      787.000      2404.64
      788.000      2410.14
      789.000      2415.51
      790.000      2420.74
      791.000      2425.82
      792.000      2430.76
      793.000      2435.55
      794.000      2440.18
      795.000      2444.65
      796.000      2448.96
      797.000      2453.10
      798.000      2457.06
      799.000      2460.84
      800.000      2464.43
      801.000      2467.83
      802.000      2471.04
      803.000      2474.04
      804.000      2476.83
      805.000      2479.42
      806.000      2481.79
      807.000      2483.96
      808.000      2485.92
      809.000      2487.69
      810.000      2489.25
      811.000      2490.63
      812.000      2491.80
      813.000      2492.79
      814.000      2493.59
      815.000      2494.20
      816.000      2494.62
      817.000      2494.87
      818.000      2494.92
      819.000      2494.80
      820.000      2494.50
      821.000      2494.02
      822.000      2493.35
      823.000      2492.52
      824.000      2491.50
      825.000      2490.31
      826.000      2488.94
      827.000      2487.40
      828.000      2485.68
      829.000      2483.79
      830.000      2481.72
      831.000      2479.47
      832.000      2477.05
      833.000      2474.45
      834.000      2471.67
      835.000      2468.71
      836.000      2465.58
      837.000      2462.26
      838.000      2458.77
      839.000      2455.09
      840.000      2451.22
      841.000      2447.18
      842.000      2442.94
      843.000      2438.51
      844.000      2433.90
      845.000      2429.09
      846.000      2424.08
      847.000      2418.88
      848.000      2413.47
      849.000      2407.86
      850.000      2402.05
      851.000      2396.03
      852.000      2389.80
      853.000      2383.36
      854.000      2376.72
      855.000      2369.88
      856.000      2362.86
      857.000      2355.65
      858.000      2348.26
      859.000      2340.69
      860.000      2332.96
      861.000      2325.06
      862.000      2317.00
      863.000      2308.78
      864.000      2300.41
      865.000      2291.89
      866.000      2283.22
      867.000      2274.42
      868.000      2265.48
      869.000      2256.41
      870.000      2247.20
      871.000      2237.88
      872.000      2228.43
      873.000      2218.86
      874.000      2209.18
      875.000      2199.38
      876.000      2189.48
      877.000      2179.47
      878.000      2169.35
      879.000      2159.14
      880.000      2148.83
      881.000      2138.42
      882.000      2127.93
      883.000      2117.34
      884.000      2106.67
      885.000      2095.91
      886.000      2085.07
      887.000      2074.15
      888.000      2063.16
      889.000      2052.09
      890.000      2040.94
      891.000      2029.73
      892.000      2018.45
      893.000      2007.10
      894.000      1995.69
      895.000      1984.21
      896.000      1972.68
      897.000      1961.09
      898.000      1949.44
      899.000      1937.73
      900.000      1925.98
      901.000      1914.17
      902.000      1902.32
      903.000      1890.43
      904.000      1878.50
      905.000      1866.54
      906.000      1854.55
      907.000      1842.53
      908.000      1830.49
      909.000      1818.42
      910.000      1806.34
      911.000      1794.25
      912.000      1782.15
      913.000      1770.04
      914.000      1757.93
      915.000      1745.81
      916.000      1733.70
      917.000      1721.60
      918.000      1709.51
      919.000      1697.43
      920.000      1685.37
      921.000      1673.33
      922.000      1661.31
      923.000      1649.32
      924.000      1637.36
      925.000      1625.44
      926.000      1613.55
      927.000      1601.70
      928.000      1589.90
      929.000      1578.15
      930.000      1566.45
      931.000      1554.81
      932.000      1543.22
      933.000      1531.70
      934.000      1520.25
      935.000      1508.86
      936.000      1497.55
      937.000      1486.32
      938.000      1475.17
      939.000      1464.11
      940.000      1453.14
      941.000      1442.27
      942.000      1431.49
      943.000      1420.82
      944.000      1410.26
      945.000      1399.81
      946.000      1389.48
      947.000      1379.26
      948.000      1369.17
      949.000      1359.19
      950.000      1349.33
      951.000      1339.59
      952.000      1329.96
      953.000      1320.45
      954.000      1311.05
      955.000      1301.77
      956.000      1292.61
      957.000      1283.56
      958.000      1274.62
      959.000      1265.80
      960.000      1257.10
      961.000      1248.51
      962.000      1240.04
      963.000      1231.69
      964.000      1223.45
      965.000      1215.34
      966.000      1207.34
      967.000      1199.46
      968.000      1191.70
      969.000      1184.06
      970.000      1176.54
      971.000      1169.15
      972.000      1161.89
      973.000      1154.75
      974.000      1147.74
      975.000      1140.85
      976.000      1134.10
      977.000      1127.48
      978.000      1121.00
      979.000      1114.65
      980.000      1108.44
      981.000      1102.37
      982.000      1096.45
      983.000      1090.66
      984.000      1085.03
      985.000      1079.55
      986.000      1074.22
      987.000      1069.04
      988.000      1064.03
      989.000      1059.17
      990.000      1054.48
      991.000      1049.95
      992.000      1045.60
      993.000      1041.42
      994.000      1037.42
      995.000      1033.59
      996.000      1029.93
      997.000      1026.44
      998.000      1023.10
      999.000      1019.93
      1000.00      1016.91
      1001.00      1014.04
      1002.00      1011.32
      1003.00      1008.74
      1004.00      1006.31
      1005.00      1004.02
      1006.00      1001.87
      1007.00      999.849
      1008.00      997.963
      1009.00      996.207
      1010.00      994.578
      1011.00      993.075
      1012.00      991.695
      1013.00      990.437
      1014.00      989.298
      1015.00      988.277
      1016.00      987.371
      1017.00      986.581
      1018.00      985.902
      1019.00      985.335
      1020.00      984.878
      1021.00      984.529
      1022.00      984.287
      1023.00      984.152
      1024.00      984.121
      1025.00      984.194
      1026.00      984.370
      1027.00      984.648
      1028.00      985.027
      1029.00      985.506
      1030.00      986.086
      1031.00      986.764
      1032.00      987.542
      1033.00      988.418
      1034.00      989.391
      1035.00      990.462
      1036.00      991.631
      1037.00      992.897
      1038.00      994.260
      1039.00      995.720
      1040.00      997.277
      1041.00      998.931
      1042.00      1000.68
      1043.00      1002.52
      1044.00      1004.44
      1045.00      1006.45
      1046.00      1008.54
      1047.00      1010.71
      1048.00      1012.95
      1049.00      1015.27
      1050.00      1017.65
      1051.00      1020.09
      1052.00      1022.60
      1053.00      1025.16
      1054.00      1027.78
      1055.00      1030.46
      1056.00      1033.18
      1057.00      1035.95
      1058.00      1038.77
      1059.00      1041.63
      1060.00      1044.53
      1061.00      1047.46
      1062.00      1050.43
      1063.00      1053.43
      1064.00      1056.46
      1065.00      1059.51
      1066.00      1062.59
      1067.00      1065.69
      1068.00      1068.81
      1069.00      1071.94
      1070.00      1075.09
      1071.00      1078.25
      1072.00      1081.41
      1073.00      1084.59
      1074.00      1087.76
      1075.00      1090.94
      1076.00      1094.12
      1077.00      1097.29
      1078.00      1100.46
      1079.00      1103.62
      1080.00      1106.76
      1081.00      1109.90
      1082.00      1113.01
      1083.00      1116.11
      1084.00      1119.19
      1085.00      1122.24
      1086.00      1125.27
      1087.00      1128.27
      1088.00      1131.23
      1089.00      1134.17
      1090.00      1137.07
      1091.00      1139.94
      1092.00      1142.77
      1093.00      1145.56
      1094.00      1148.32
      1095.00      1151.05
      1096.00      1153.73
      1097.00      1156.37
      1098.00      1158.98
      1099.00      1161.54
      1100.00      1164.07
      1101.00      1166.55
      1102.00      1168.98
      1103.00      1171.37
      1104.00      1173.72
      1105.00      1176.02
      1106.00      1178.27
      1107.00      1180.47
      1108.00      1182.62
      1109.00      1184.72
      1110.00      1186.76
      1111.00      1188.75
      1112.00      1190.69
      1113.00      1192.57
      1114.00      1194.39
      1115.00      1196.15
      1116.00      1197.84
      1117.00      1199.48
      1118.00      1201.05
      1119.00      1202.55
      1120.00      1203.99
      1121.00      1205.35
      1122.00      1206.64
      1123.00      1207.86
      1124.00      1209.01
      1125.00      1210.07
      1126.00      1211.06
      1127.00      1211.96
      1128.00      1212.78
      1129.00      1213.52
      1130.00      1214.17
      1131.00      1214.72
      1132.00      1215.18
      1133.00      1215.55
      1134.00      1215.82
      1135.00      1215.98
      1136.00      1216.05
      1137.00      1216.02
      1138.00      1215.88
      1139.00      1215.66
      1140.00      1215.33
      1141.00      1214.92
      1142.00      1214.41
      1143.00      1213.82
      1144.00      1213.14
      1145.00      1212.37
      1146.00      1211.51
      1147.00      1210.57
      1148.00      1209.55
      1149.00      1208.45
      1150.00      1207.27
      1151.00      1206.01
      1152.00      1204.67
      1153.00      1203.26
      1154.00      1201.76
      1155.00      1200.20
      1156.00      1198.56
      1157.00      1196.84
      1158.00      1195.05
      1159.00      1193.19
      1160.00      1191.26
      1161.00      1189.26
      1162.00      1187.19
      1163.00      1185.04
      1164.00      1182.83
      1165.00      1180.55
      1166.00      1178.20
      1167.00      1175.78
      1168.00      1173.29
      1169.00      1170.73
      1170.00      1168.10
      1171.00      1165.41
      1172.00      1162.65
      1173.00      1159.82
      1174.00      1156.92
      1175.00      1153.95
      1176.00      1150.91
      1177.00      1147.80
      1178.00      1144.63
      1179.00      1141.38
      1180.00      1138.07
      1181.00      1134.68
      1182.00      1131.22
      1183.00      1127.69
      1184.00      1124.09
      1185.00      1120.43
      1186.00      1116.70
      1187.00      1112.91
      1188.00      1109.06
      1189.00      1105.15
      1190.00      1101.18
      1191.00      1097.17
      1192.00      1093.10
      1193.00      1088.98
      1194.00      1084.82
      1195.00      1080.61
      1196.00      1076.36
      1197.00      1072.06
      1198.00      1067.73
      1199.00      1063.36
      1200.00      1058.96
      1201.00      1054.52
      1202.00      1050.05
      1203.00      1045.55
      1204.00      1041.02
      1205.00      1036.47
      1206.00      1031.89
      1207.00      1027.29
      1208.00      1022.67
      1209.00      1018.03
      1210.00      1013.37
      1211.00      1008.69
      1212.00      1004.00
      1213.00      999.293
      1214.00      994.577
      1215.00      989.852
      1216.00      985.118
      1217.00      980.378
      1218.00      975.633
      1219.00      970.884
      1220.00      966.133
      1221.00      961.382
      1222.00      956.633
      1223.00      951.886
      1224.00      947.144
      1225.00      942.408
      1226.00      937.679
      1227.00      932.960
      1228.00      928.252
      1229.00      923.556
      1230.00      918.874
      1231.00      914.207
      1232.00      909.556
      1233.00      904.922
      1234.00      900.305
      1235.00      895.706
      1236.00      891.127
      1237.00      886.567
      1238.00      882.029
      1239.00      877.512
      1240.00      873.018
      1241.00      868.548
      1242.00      864.102
      1243.00      859.682
      1244.00      855.289
      1245.00      850.923
      1246.00      846.585
      1247.00      842.277
      1248.00      838.000
      1249.00      833.755
      1250.00      829.542
      1251.00      825.363
      1252.00      821.220
      1253.00      817.112
      1254.00      813.043
      1255.00      809.012
      1256.00      805.021
      1257.00      801.071
      1258.00      797.164
      1259.00      793.301
      1260.00      789.483
      1261.00      785.712
      1262.00      781.989
      1263.00      778.316
      1264.00      774.694
      1265.00      771.125
      1266.00      767.610
      1267.00      764.152
      1268.00      760.751
      1269.00      757.409
      1270.00      754.129
      1271.00      750.911
      1272.00      747.759
      1273.00      744.673
      1274.00      741.656
      1275.00      738.710
      1276.00      735.836
      1277.00      733.037
      1278.00      730.313
      1279.00      727.663
      1280.00      725.086
      1281.00      722.581
      1282.00      720.146
      1283.00      717.781
      1284.00      715.484
      1285.00      713.255
      1286.00      711.092
      1287.00      708.996
      1288.00      706.964
      1289.00      704.997
      1290.00      703.094
      1291.00      701.254
      1292.00      699.476
      1293.00      697.760
      1294.00      696.105
      1295.00      694.511
      1296.00      692.978
      1297.00      691.504
      1298.00      690.091
      1299.00      688.737
      1300.00      687.442
      1301.00      686.206
      1302.00      685.029
      1303.00      683.911
      1304.00      682.851
      1305.00      681.850
      1306.00      680.907
      1307.00      680.024
      1308.00      679.199
      1309.00      678.433
      1310.00      677.725
      1311.00      677.078
      1312.00      676.490
      1313.00      675.961
      1314.00      675.493
      1315.00      675.086
      1316.00      674.739
      1317.00      674.454
      1318.00      674.231
      1319.00      674.071
      1320.00      673.974
      1321.00      673.941
      1322.00      673.973
      1323.00      674.070
      1324.00      674.233
      1325.00      674.462
      1326.00      674.756
      1327.00      675.112
      1328.00      675.529
      1329.00      676.004
      1330.00      676.536
      1331.00      677.124
      1332.00      677.765
      1333.00      678.458
      1334.00      679.201
      1335.00      679.993
      1336.00      680.832
      1337.00      681.717
      1338.00      682.645
      1339.00      683.616
      1340.00      684.629
      1341.00      685.681
      1342.00      686.771
      1343.00      687.899
      1344.00      689.062
      1345.00      690.260
      1346.00      691.490
      1347.00      692.753
      1348.00      694.047
      1349.00      695.370
      1350.00      696.721
      1351.00      698.100
      1352.00      699.505
      1353.00      700.935
      1354.00      702.388
      1355.00      703.865
      1356.00      705.363
      1357.00      706.882
      1358.00      708.420
      1359.00      709.977
      1360.00      711.552
      1361.00      713.144
      1362.00      714.751
      1363.00      716.372
      1364.00      718.008
      1365.00      719.656
      1366.00      721.317
      1367.00      722.988
      1368.00      724.669
      1369.00      726.359
      1370.00      728.058
      1371.00      729.763
      1372.00      731.476
      1373.00      733.193
      1374.00      734.915
      1375.00      736.640
      1376.00      738.367
      1377.00      740.096
      1378.00      741.825
      1379.00      743.553
      1380.00      745.279
      1381.00      747.002
      1382.00      748.721
      1383.00      750.435
      1384.00      752.143
      1385.00      753.844
      1386.00      755.537
      1387.00      757.221
      1388.00      758.894
      1389.00      760.556
      1390.00      762.206
      1391.00      763.842
      1392.00      765.463
      1393.00      767.069
      1394.00      768.658
      1395.00      770.229
      1396.00      771.781
      1397.00      773.312
      1398.00      774.822
      1399.00      776.310
      1400.00      777.773
      1401.00      779.212
      1402.00      780.624
      1403.00      782.008
      1404.00      783.364
      1405.00      784.689
      1406.00      785.983
      1407.00      787.245
      1408.00      788.471
      1409.00      789.663
      1410.00      790.817
      1411.00      791.933
      1412.00      793.008
      1413.00      794.042
      1414.00      795.034
      1415.00      795.980
      1416.00      796.881
      1417.00      797.733
      1418.00      798.536
      1419.00      799.288
      1420.00      799.989
      1421.00      800.639
      1422.00      801.239
      1423.00      801.790
      1424.00      802.292
      1425.00      802.746
      1426.00      803.151
      1427.00      803.509
      1428.00      803.820
      1429.00      804.085
      1430.00      804.303
      1431.00      804.475
      1432.00      804.601
      1433.00      804.682
      1434.00      804.718
      1435.00      804.708
      1436.00      804.653
      1437.00      804.554
      1438.00      804.409
      1439.00      804.220
      1440.00      803.986
      1441.00      803.707
      1442.00      803.384
      1443.00      803.015
      1444.00      802.602
      1445.00      802.143
      1446.00      801.639
      1447.00      801.089
      1448.00      800.493
      1449.00      799.851
      1450.00      799.163
      1451.00      798.428
      1452.00      797.645
      1453.00      796.815
      1454.00      795.937
      1455.00      795.010
      1456.00      794.034
      1457.00      793.009
      1458.00      791.933
      1459.00      790.806
      1460.00      789.627
      1461.00      788.397
      1462.00      787.113
      1463.00      785.776
      1464.00      784.383
      1465.00      782.935
      1466.00      781.431
      1467.00      779.871
      1468.00      778.255
      1469.00      776.586
      1470.00      774.865
      1471.00      773.092
      1472.00      771.269
      1473.00      769.397
      1474.00      767.478
      1475.00      765.513
      1476.00      763.502
      1477.00      761.446
      1478.00      759.347
      1479.00      757.206
      1480.00      755.024
      1481.00      752.800
      1482.00      750.538
      1483.00      748.236
      1484.00      745.897
      1485.00      743.520
      1486.00      741.107
      1487.00      738.658
      1488.00      736.175
      1489.00      733.657
      1490.00      731.106
      1491.00      728.522
      1492.00      725.906
      1493.00      723.258
      1494.00      720.580
      1495.00      717.870
      1496.00      715.131
      1497.00      712.363
      1498.00      709.565
      1499.00      706.739
      1500.00      703.885
      1501.00      701.004
      1502.00      698.095
      1503.00      695.160
      1504.00      692.198
      1505.00      689.210
      1506.00      686.196
      1507.00      683.158
      1508.00      680.094
      1509.00      677.005
      1510.00      673.892
      1511.00      670.754
      1512.00      667.592
      1513.00      664.407
      1514.00      661.198
      1515.00      657.967
      1516.00      654.714
      1517.00      651.442
      1518.00      648.150
      1519.00      644.840
      1520.00      641.513
      1521.00      638.170
      1522.00      634.813
      1523.00      631.441
      1524.00      628.057
      1525.00      624.661
      1526.00      621.254
      1527.00      617.837
      1528.00      614.412
      1529.00      610.979
      1530.00      607.538
      1531.00      604.092
      1532.00      600.641
      1533.00      597.186
      1534.00      593.727
      1535.00      590.267
      1536.00      586.806
      1537.00      583.344
      1538.00      579.883
      1539.00      576.424
      1540.00      572.967
      1541.00      569.515
      1542.00      566.066
      1543.00      562.624
      1544.00      559.187
      1545.00      555.759
      1546.00      552.338
      1547.00      548.927
      1548.00      545.527
      1549.00      542.138
      1550.00      538.761
      1551.00      535.398
      1552.00      532.049
      1553.00      528.716
      1554.00      525.399
      1555.00      522.100
      1556.00      518.820
      1557.00      515.559
      1558.00      512.319
      1559.00      509.101
      1560.00      505.906
      1561.00      502.736
      1562.00      499.589
      1563.00      496.467
      1564.00      493.370
      1565.00      490.297
      1566.00      487.248
      1567.00      484.224
      1568.00      481.225
      1569.00      478.251
      1570.00      475.301
      1571.00      472.377
      1572.00      469.478
      1573.00      466.604
      1574.00      463.756
      1575.00      460.934
      1576.00      458.139
      1577.00      455.369
      1578.00      452.626
      1579.00      449.911
      1580.00      447.222
      1581.00      444.562
      1582.00      441.929
      1583.00      439.324
      1584.00      436.749
      1585.00      434.203
      1586.00      431.686
      1587.00      429.200
      1588.00      426.744
      1589.00      424.319
      1590.00      421.926
      1591.00      419.565
      1592.00      417.237
      1593.00      414.942
      1594.00      412.682
      1595.00      410.456
      1596.00      408.265
      1597.00      406.111
      1598.00      403.993
      1599.00      401.913
      1600.00      399.871
      1601.00      397.869
      1602.00      395.906
      1603.00      393.984
      1604.00      392.104
      1605.00      390.267
      1606.00      388.473
      1607.00      386.724
      1608.00      385.020
      1609.00      383.362
      1610.00      381.749
      1611.00      380.179
      1612.00      378.652
      1613.00      377.168
      1614.00      375.725
      1615.00      374.322
      1616.00      372.959
      1617.00      371.635
      1618.00      370.349
      1619.00      369.102
      1620.00      367.891
      1621.00      366.717
      1622.00      365.579
      1623.00      364.477
      1624.00      363.410
      1625.00      362.377
      1626.00      361.378
      1627.00      360.413
      1628.00      359.481
      1629.00      358.581
      1630.00      357.714
      1631.00      356.880
      1632.00      356.077
      1633.00      355.305
      1634.00      354.565
      1635.00      353.855
      1636.00      353.177
      1637.00      352.529
      1638.00      351.911
      1639.00      351.323
      1640.00      350.766
      1641.00      350.238
      1642.00      349.741
      1643.00      349.273
      1644.00      348.834
      1645.00      348.426
      1646.00      348.047
      1647.00      347.698
      1648.00      347.379
      1649.00      347.089
      1650.00      346.829
      1651.00      346.599
      1652.00      346.400
      1653.00      346.230
      1654.00      346.091
      1655.00      345.983
      1656.00      345.905
      1657.00      345.856
      1658.00      345.836
      1659.00      345.843
      1660.00      345.878
      1661.00      345.937
      1662.00      346.022
      1663.00      346.131
      1664.00      346.263
      1665.00      346.418
      1666.00      346.594
      1667.00      346.791
      1668.00      347.008
      1669.00      347.245
      1670.00      347.500
      1671.00      347.772
      1672.00      348.062
      1673.00      348.369
      1674.00      348.691
      1675.00      349.028
      1676.00      349.379
      1677.00      349.744
      1678.00      350.122
      1679.00      350.513
      1680.00      350.915
      1681.00      351.328
      1682.00      351.752
      1683.00      352.186
      1684.00      352.630
      1685.00      353.082
      1686.00      353.542
      1687.00      354.010
      1688.00      354.485
      1689.00      354.966
      1690.00      355.453
      1691.00      355.945
      1692.00      356.442
      1693.00      356.944
      1694.00      357.449
      1695.00      357.957
      1696.00      358.467
      1697.00      358.980
      1698.00      359.494
      1699.00      360.009
      1700.00      360.525
      1701.00      361.040
      1702.00      361.554
      1703.00      362.068
      1704.00      362.580
      1705.00      363.089
      1706.00      363.597
      1707.00      364.102
      1708.00      364.604
      1709.00      365.103
      1710.00      365.599
      1711.00      366.090
      1712.00      366.577
      1713.00      367.059
      1714.00      367.537
      1715.00      368.009
      1716.00      368.475
      1717.00      368.935
      1718.00      369.389
      1719.00      369.836
      1720.00      370.275
      1721.00      370.707
      1722.00      371.131
      1723.00      371.547
      1724.00      371.953
      1725.00      372.351
      1726.00      372.738
      1727.00      373.116
      1728.00      373.483
      1729.00      373.840
      1730.00      374.185
      1731.00      374.518
      1732.00      374.838
      1733.00      375.146
      1734.00      375.441
      1735.00      375.722
      1736.00      375.988
      1737.00      376.240
      1738.00      376.476
      1739.00      376.697
      1740.00      376.901
      1741.00      377.089
      1742.00      377.258
      1743.00      377.410
      1744.00      377.543
      1745.00      377.657
      1746.00      377.750
      1747.00      377.823
      1748.00      377.875
      1749.00      377.905
      1750.00      377.913
      1751.00      377.898
      1752.00      377.861
      1753.00      377.802
      1754.00      377.722
      1755.00      377.621
      1756.00      377.499
      1757.00      377.356
      1758.00      377.193
      1759.00      377.011
      1760.00      376.809
      1761.00      376.587
      1762.00      376.346
      1763.00      376.086
      1764.00      375.807
      1765.00      375.510
      1766.00      375.194
      1767.00      374.860
      1768.00      374.508
      1769.00      374.138
      1770.00      373.750
      1771.00      373.344
      1772.00      372.920
      1773.00      372.479
      1774.00      372.020
      1775.00      371.544
      1776.00      371.050
      1777.00      370.539
      1778.00      370.010
      1779.00      369.464
      1780.00      368.901
      1781.00      368.320
      1782.00      367.721
      1783.00      367.105
      1784.00      366.471
      1785.00      365.820
      1786.00      365.150
      1787.00      364.463
      1788.00      363.758
      1789.00      363.035
      1790.00      362.293
      1791.00      361.534
      1792.00      360.755
      1793.00      359.958
      1794.00      359.142
      1795.00      358.306
      1796.00      357.451
      1797.00      356.577
      1798.00      355.683
      1799.00      354.770
      1800.00      353.839
      1801.00      352.890
      1802.00      351.924
      1803.00      350.941
      1804.00      349.942
      1805.00      348.927
      1806.00      347.897
      1807.00      346.852
      1808.00      345.793
      1809.00      344.720
      1810.00      343.633
      1811.00      342.534
      1812.00      341.422
      1813.00      340.298
      1814.00      339.163
      1815.00      338.016
      1816.00      336.858
      1817.00      335.690
      1818.00      334.511
      1819.00      333.323
      1820.00      332.125
      1821.00      330.919
      1822.00      329.703
      1823.00      328.480
      1824.00      327.248
      1825.00      326.009
      1826.00      324.762
      1827.00      323.508
      1828.00      322.248
      1829.00      320.981
      1830.00      319.708
      1831.00      318.429
      1832.00      317.145
      1833.00      315.855
      1834.00      314.561
      1835.00      313.262
      1836.00      311.958
      1837.00      310.651
      1838.00      309.339
      1839.00      308.024
      1840.00      306.706
      1841.00      305.385
      1842.00      304.062
      1843.00      302.735
      1844.00      301.407
      1845.00      300.077
      1846.00      298.745
      1847.00      297.412
      1848.00      296.077
      1849.00      294.743
      1850.00      293.408
      1851.00      292.072
      1852.00      290.738
      1853.00      289.403
      1854.00      288.070
      1855.00      286.738
      1856.00      285.408
      1857.00      284.079
      1858.00      282.752
      1859.00      281.429
      1860.00      280.107
      1861.00      278.790
      1862.00      277.475
      1863.00      276.165
      1864.00      274.858
      1865.00      273.556
      1866.00      272.259
      1867.00      270.967
      1868.00      269.681
      1869.00      268.400
      1870.00      267.126
      1871.00      265.858
      1872.00      264.597
      1873.00      263.344
      1874.00      262.098
      1875.00      260.860
      1876.00      259.631
      1877.00      258.410
      1878.00      257.199
      1879.00      255.998
      1880.00      254.806
      1881.00      253.625
      1882.00      252.455
      1883.00      251.296
      1884.00      250.149
      1885.00      249.014
      1886.00      247.892
      1887.00      246.783
      1888.00      245.688
      1889.00      244.607
      1890.00      243.540
      1891.00      242.489
      1892.00      241.453
      1893.00      240.432
      1894.00      239.427
      1895.00      238.437
      1896.00      237.462
      1897.00      236.502
      1898.00      235.557
      1899.00      234.626
      1900.00      233.709
      1901.00      232.807
      1902.00      231.919
      1903.00      231.044
      1904.00      230.184
      1905.00      229.338
      1906.00      228.505
      1907.00      227.687
      1908.00      226.882
      1909.00      226.090
      1910.00      225.313
      1911.00      224.549
      1912.00      223.798
      1913.00      223.062
      1914.00      222.338
      1915.00      221.629
      1916.00      220.933
      1917.00      220.251
      1918.00      219.583
      1919.00      218.928
      1920.00      218.288
      1921.00      217.661
      1922.00      217.049
      1923.00      216.450
      1924.00      215.866
      1925.00      215.297
      1926.00      214.742
      1927.00      214.202
      1928.00      213.676
      1929.00      213.166
      1930.00      212.670
      1931.00      212.191
      1932.00      211.726
      1933.00      211.278
      1934.00      210.845
      1935.00      210.429
      1936.00      210.029
      1937.00      209.646
      1938.00      209.280
      1939.00      208.931
      1940.00      208.600
      1941.00      208.285
      1942.00      207.986
      1943.00      207.703
      1944.00      207.436
      1945.00      207.184
      1946.00      206.946
      1947.00      206.723
      1948.00      206.514
      1949.00      206.318
      1950.00      206.136
      1951.00      205.967
      1952.00      205.811
      1953.00      205.667
      1954.00      205.535
      1955.00      205.415
      1956.00      205.306
      1957.00      205.209
      1958.00      205.123
      1959.00      205.048
      1960.00      204.983
      1961.00      204.929
      1962.00      204.884
      1963.00      204.850
      1964.00      204.825
      1965.00      204.809
      1966.00      204.803
      1967.00      204.806
      1968.00      204.818
      1969.00      204.839
      1970.00      204.868
      1971.00      204.905
      1972.00      204.951
      1973.00      205.004
      1974.00      205.066
      1975.00      205.135
      1976.00      205.212
      1977.00      205.296
      1978.00      205.388
      1979.00      205.487
      1980.00      205.593
      1981.00      205.706
      1982.00      205.826
      1983.00      205.953
      1984.00      206.086
      1985.00      206.227
      1986.00      206.373
      1987.00      206.526
      1988.00      206.685
      1989.00      206.850
      1990.00      207.020
      1991.00      207.196
      1992.00      207.376
      1993.00      207.560
      1994.00      207.749
      1995.00      207.941
      1996.00      208.137
      1997.00      208.337
      1998.00      208.539
      1999.00      208.744
      2000.00      208.951
      2001.00      209.160
      2002.00      209.372
      2003.00      209.584
      2004.00      209.798
      2005.00      210.013
      2006.00      210.229
      2007.00      210.445
      2008.00      210.661
      2009.00      210.877
      2010.00      211.092
      2011.00      211.307
      2012.00      211.521
      2013.00      211.733
      2014.00      211.944
      2015.00      212.153
      2016.00      212.360
      2017.00      212.564
      2018.00      212.766
      2019.00      212.964
      2020.00      213.160
      2021.00      213.351
      2022.00      213.539
      2023.00      213.722
      2024.00      213.901
      2025.00      214.076
      2026.00      214.244
      2027.00      214.408
      2028.00      214.566
      2029.00      214.717
      2030.00      214.862
      2031.00      215.001
      2032.00      215.132
      2033.00      215.256
      2034.00      215.372
      2035.00      215.480
      2036.00      215.581
      2037.00      215.674
      2038.00      215.759
      2039.00      215.837
      2040.00      215.907
      2041.00      215.970
      2042.00      216.025
      2043.00      216.073
      2044.00      216.113
      2045.00      216.145
      2046.00      216.170
      2047.00      216.187
      2048.00      216.196
      2049.00      216.198
      2050.00      216.192
      2051.00      216.179
      2052.00      216.157
      2053.00      216.128
      2054.00      216.091
      2055.00      216.046
      2056.00      215.992
      2057.00      215.931
      2058.00      215.861
      2059.00      215.783
      2060.00      215.697
      2061.00      215.602
      2062.00      215.499
      2063.00      215.387
      2064.00      215.266
      2065.00      215.136
      2066.00      214.997
      2067.00      214.848
      2068.00      214.691
      2069.00      214.523
      2070.00      214.346
      2071.00      214.159
      2072.00      213.963
      2073.00      213.755
      2074.00      213.538
      2075.00      213.310
      2076.00      213.071
      2077.00      212.821
      2078.00      212.559
      2079.00      212.287
      2080.00      212.002
      2081.00      211.706
      2082.00      211.397
      2083.00      211.078
      2084.00      210.747
      2085.00      210.404
      2086.00      210.051
      2087.00      209.687
      2088.00      209.313
      2089.00      208.929
      2090.00      208.534
      2091.00      208.130
      2092.00      207.716
      2093.00      207.292
      2094.00      206.859
      2095.00      206.416
      2096.00      205.965
      2097.00      205.505
      2098.00      205.035
      2099.00      204.557
      2100.00      204.071
      2101.00      203.576
      2102.00      203.073
      2103.00      202.562
      2104.00      202.042
      2105.00      201.514
      2106.00      200.979
      2107.00      200.436
      2108.00      199.884
      2109.00      199.325
      2110.00      198.759
      2111.00      198.185
      2112.00      197.603
      2113.00      197.014
      2114.00      196.417
      2115.00      195.813
      2116.00      195.201
      2117.00      194.582
      2118.00      193.956
      2119.00      193.322
      2120.00      192.681
      2121.00      192.033
      2122.00      191.377
      2123.00      190.714
      2124.00      190.044
      2125.00      189.366
      2126.00      188.681
      2127.00      187.989
      2128.00      187.289
      2129.00      186.582
      2130.00      185.868
      2131.00      185.147
      2132.00      184.419
      2133.00      183.685
      2134.00      182.945
      2135.00      182.200
      2136.00      181.449
      2137.00      180.693
      2138.00      179.932
      2139.00      179.166
      2140.00      178.395
      2141.00      177.620
      2142.00      176.842
      2143.00      176.059
      2144.00      175.273
      2145.00      174.483
      2146.00      173.690
      2147.00      172.894
      2148.00      172.096
      2149.00      171.295
      2150.00      170.491
      2151.00      169.686
      2152.00      168.878
      2153.00      168.069
      2154.00      167.258
      2155.00      166.446
      2156.00      165.633
      2157.00      164.819
      2158.00      164.004
      2159.00      163.189
      2160.00      162.373
      2161.00      161.558
      2162.00      160.742
      2163.00      159.927
      2164.00      159.112
      2165.00      158.298
      2166.00      157.485
      2167.00      156.672
      2168.00      155.862
      2169.00      155.052
      2170.00      154.244
      2171.00      153.439
      2172.00      152.635
      2173.00      151.833
      2174.00      151.034
      2175.00      150.238
      2176.00      149.445
      2177.00      148.654
      2178.00      147.867
      2179.00      147.083
      2180.00      146.302
      2181.00      145.524
      2182.00      144.749
      2183.00      143.978
      2184.00      143.210
      2185.00      142.445
      2186.00      141.684
      2187.00      140.927
      2188.00      140.174
      2189.00      139.424
      2190.00      138.678
      2191.00      137.937
      2192.00      137.199
      2193.00      136.466
      2194.00      135.736
      2195.00      135.012
      2196.00      134.291
      2197.00      133.576
      2198.00      132.865
      2199.00      132.159
      2200.00      131.458
      2201.00      130.762
      2202.00      130.071
      2203.00      129.386
      2204.00      128.706
      2205.00      128.032
      2206.00      127.364
      2207.00      126.701
      2208.00      126.045
      2209.00      125.394
      2210.00      124.751
      2211.00      124.114
      2212.00      123.483
      2213.00      122.859
      2214.00      122.243
      2215.00      121.634
      2216.00      121.032
      2217.00      120.438
      2218.00      119.852
      2219.00      119.274
      2220.00      118.704
      2221.00      118.143
      2222.00      117.590
      2223.00      117.046
      2224.00      116.512
      2225.00      115.985
      2226.00      115.468
      2227.00      114.959
      2228.00      114.458
      2229.00      113.965
      2230.00      113.480
      2231.00      113.004
      2232.00      112.535
      2233.00      112.074
      2234.00      111.620
      2235.00      111.174
      2236.00      110.736
      2237.00      110.305
      2238.00      109.881
      2239.00      109.465
      2240.00      109.056
      2241.00      108.654
      2242.00      108.259
      2243.00      107.871
      2244.00      107.491
      2245.00      107.117
      2246.00      106.750
      2247.00      106.391
      2248.00      106.038
      2249.00      105.692
      2250.00      105.353
      2251.00      105.021
      2252.00      104.696
      2253.00      104.378
      2254.00      104.067
      2255.00      103.763
      2256.00      103.466
      2257.00      103.175
      2258.00      102.892
      2259.00      102.616
      2260.00      102.348
      2261.00      102.086
      2262.00      101.831
      2263.00      101.584
      2264.00      101.345
      2265.00      101.112
      2266.00      100.887
      2267.00      100.670
      2268.00      100.461
      2269.00      100.259
      2270.00      100.065
      2271.00      99.8787
      2272.00      99.7000
      2273.00      99.5287
      2274.00      99.3645
      2275.00      99.2073
      2276.00      99.0568
      2277.00      98.9128
      2278.00      98.7753
      2279.00      98.6440
      2280.00      98.5188
      2281.00      98.3994
      2282.00      98.2858
      2283.00      98.1777
      2284.00      98.0750
      2285.00      97.9776
      2286.00      97.8853
      2287.00      97.7980
      2288.00      97.7156
      2289.00      97.6378
      2290.00      97.5647
      2291.00      97.4960
      2292.00      97.4316
      2293.00      97.3714
      2294.00      97.3153
      2295.00      97.2632
      2296.00      97.2150
      2297.00      97.1705
      2298.00      97.1296
      2299.00      97.0923
      2300.00      97.0585
      2301.00      97.0279
      2302.00      97.0007
      2303.00      96.9765
      2304.00      96.9555
      2305.00      96.9374
      2306.00      96.9222
      2307.00      96.9098
      2308.00      96.9002
      2309.00      96.8931
      2310.00      96.8886
      2311.00      96.8866
      2312.00      96.8870
      2313.00      96.8898
      2314.00      96.8948
      2315.00      96.9019
      2316.00      96.9112
      2317.00      96.9226
      2318.00      96.9359
      2319.00      96.9511
      2320.00      96.9680
      2321.00      96.9865
      2322.00      97.0065
      2323.00      97.0280
      2324.00      97.0508
      2325.00      97.0747
      2326.00      97.0997
      2327.00      97.1257
      2328.00      97.1526
      2329.00      97.1802
      2330.00      97.2085
      2331.00      97.2374
      2332.00      97.2667
      2333.00      97.2964
      2334.00      97.3264
      2335.00      97.3564
      2336.00      97.3866
      2337.00      97.4167
      2338.00      97.4466
      2339.00      97.4763
      2340.00      97.5056
      2341.00      97.5344
      2342.00      97.5627
      2343.00      97.5903
      2344.00      97.6171
      2345.00      97.6431
      2346.00      97.6680
      2347.00      97.6919
      2348.00      97.7146
      2349.00      97.7360
      2350.00      97.7560
      2351.00      97.7744
      2352.00      97.7912
      2353.00      97.8063
      2354.00      97.8195
      2355.00      97.8308
      2356.00      97.8399
      2357.00      97.8469
      2358.00      97.8515
      2359.00      97.8537
      2360.00      97.8533
      2361.00      97.8503
      2362.00      97.8444
      2363.00      97.8355
      2364.00      97.8236
      2365.00      97.8086
      2366.00      97.7903
      2367.00      97.7690
      2368.00      97.7445
      2369.00      97.7169
      2370.00      97.6863
      2371.00      97.6527
      2372.00      97.6159
      2373.00      97.5762
      2374.00      97.5335
      2375.00      97.4878
      2376.00      97.4391
      2377.00      97.3874
      2378.00      97.3326
      2379.00      97.2750
      2380.00      97.2143
      2381.00      97.1506
      2382.00      97.0839
      2383.00      97.0142
      2384.00      96.9415
      2385.00      96.8658
      2386.00      96.7870
      2387.00      96.7051
      2388.00      96.6202
      2389.00      96.5321
      2390.00      96.4409
      2391.00      96.3465
      2392.00      96.2490
      2393.00      96.1482
      2394.00      96.0442
      2395.00      95.9369
      2396.00      95.8262
      2397.00      95.7122
      2398.00      95.5948
      2399.00      95.4739
      2400.00      95.3495
      2401.00      95.2215
      2402.00      95.0900
      2403.00      94.9547
      2404.00      94.8158
      2405.00      94.6730
      2406.00      94.5264
      2407.00      94.3759
      2408.00      94.2214
      2409.00      94.0628
      2410.00      93.9001
      2411.00      93.7332
      2412.00      93.5620
      2413.00      93.3866
      2414.00      93.2071
      2415.00      93.0236
      2416.00      92.8361
      2417.00      92.6449
      2418.00      92.4500
      2419.00      92.2514
      2420.00      92.0493
      2421.00      91.8438
      2422.00      91.6349
      2423.00      91.4228
      2424.00      91.2074
      2425.00      90.9890
      2426.00      90.7675
      2427.00      90.5430
      2428.00      90.3157
      2429.00      90.0855
      2430.00      89.8526
      2431.00      89.6169
      2432.00      89.3787
      2433.00      89.1378
      2434.00      88.8945
      2435.00      88.6487
      2436.00      88.4005
      2437.00      88.1499
      2438.00      87.8971
      2439.00      87.6420
      2440.00      87.3847
      2441.00      87.1253
      2442.00      86.8638
      2443.00      86.6002
      2444.00      86.3346
      2445.00      86.0671
      2446.00      85.7976
      2447.00      85.5262
      2448.00      85.2529
      2449.00      84.9779
      2450.00      84.7010
      2451.00      84.4224
      2452.00      84.1421
      2453.00      83.8601
      2454.00      83.5764
      2455.00      83.2911
      2456.00      83.0042
      2457.00      82.7157
      2458.00      82.4256
      2459.00      82.1340
      2460.00      81.8409
      2461.00      81.5465
      2462.00      81.2507
      2463.00      80.9537
      2464.00      80.6555
      2465.00      80.3563
      2466.00      80.0561
      2467.00      79.7549
      2468.00      79.4529
      2469.00      79.1501
      2470.00      78.8467
      2471.00      78.5426
      2472.00      78.2380
      2473.00      77.9329
      2474.00      77.6274
      2475.00      77.3216
      2476.00      77.0156
      2477.00      76.7093
      2478.00      76.4030
      2479.00      76.0966
      2480.00      75.7903
      2481.00      75.4840
      2482.00      75.1780
      2483.00      74.8722
      2484.00      74.5667
      2485.00      74.2617
      2486.00      73.9571
      2487.00      73.6531
      2488.00      73.3497
      2489.00      73.0470
      2490.00      72.7451
      2491.00      72.4440
      2492.00      72.1438
      2493.00      71.8447
      2494.00      71.5466
      2495.00      71.2497
      2496.00      70.9540
      2497.00      70.6597
      2498.00      70.3667
      2499.00      70.0753
      2500.00      69.7854
      2501.00      69.4971
      2502.00      69.2106
      2503.00      68.9259
      2504.00      68.6431
      2505.00      68.3624
      2506.00      68.0837
      2507.00      67.8071
      2508.00      67.5327
      2509.00      67.2605
      2510.00      66.9903
      2511.00      66.7223
      2512.00      66.4564
      2513.00      66.1926
      2514.00      65.9310
      2515.00      65.6714
      2516.00      65.4140
      2517.00      65.1588
      2518.00      64.9056
      2519.00      64.6546
      2520.00      64.4057
      2521.00      64.1590
      2522.00      63.9145
      2523.00      63.6721
      2524.00      63.4320
      2525.00      63.1941
      2526.00      62.9584
      2527.00      62.7249
      2528.00      62.4938
      2529.00      62.2649
      2530.00      62.0384
      2531.00      61.8142
      2532.00      61.5925
      2533.00      61.3731
      2534.00      61.1562
      2535.00      60.9417
      2536.00      60.7298
      2537.00      60.5204
      2538.00      60.3136
      2539.00      60.1094
      2540.00      59.9080
      2541.00      59.7092
      2542.00      59.5132
      2543.00      59.3200
      2544.00      59.1297
      2545.00      58.9423
      2546.00      58.7579
      2547.00      58.5765
      2548.00      58.3982
      2549.00      58.2231
      2550.00      58.0512
      2551.00      57.8825
      2552.00      57.7173
      2553.00      57.5554
      2554.00      57.3970
      2555.00      57.2421
      2556.00      57.0905
      2557.00      56.9421
      2558.00      56.7970
      2559.00      56.6550
      2560.00      56.5162
      2561.00      56.3803
      2562.00      56.2474
      2563.00      56.1175
      2564.00      55.9904
      2565.00      55.8661
      2566.00      55.7446
      2567.00      55.6258
      2568.00      55.5097
      2569.00      55.3962
      2570.00      55.2853
      2571.00      55.1770
      2572.00      55.0712
      2573.00      54.9678
      2574.00      54.8669
      2575.00      54.7684
      2576.00      54.6723
      2577.00      54.5785
      2578.00      54.4871
      2579.00      54.3980
      2580.00      54.3111
      2581.00      54.2266
      2582.00      54.1442
      2583.00      54.0641
      2584.00      53.9862
      2585.00      53.9104
      2586.00      53.8369
      2587.00      53.7655
      2588.00      53.6963
      2589.00      53.6292
      2590.00      53.5642
      2591.00      53.5014
      2592.00      53.4407
      2593.00      53.3821
      2594.00      53.3257
      2595.00      53.2713
      2596.00      53.2191
      2597.00      53.1691
      2598.00      53.1211
      2599.00      53.0753
      2600.00      53.0317
      2601.00      52.9902
      2602.00      52.9508
      2603.00      52.9134
      2604.00      52.8780
      2605.00      52.8445
      2606.00      52.8128
      2607.00      52.7829
      2608.00      52.7546
      2609.00      52.7280
      2610.00      52.7029
      2611.00      52.6793
      2612.00      52.6571
      2613.00      52.6363
      2614.00      52.6168
      2615.00      52.5985
      2616.00      52.5815
      2617.00      52.5655
      2618.00      52.5506
      2619.00      52.5368
      2620.00      52.5239
      2621.00      52.5119
      2622.00      52.5007
      2623.00      52.4904
      2624.00      52.4808
      2625.00      52.4719
      2626.00      52.4636
      2627.00      52.4559
      2628.00      52.4488
      2629.00      52.4422
      2630.00      52.4359
      2631.00      52.4301
      2632.00      52.4246
      2633.00      52.4194
      2634.00      52.4145
      2635.00      52.4097
      2636.00      52.4051
      2637.00      52.4006
      2638.00      52.3961
      2639.00      52.3916
      2640.00      52.3871
      2641.00      52.3824
      2642.00      52.3776
      2643.00      52.3727
      2644.00      52.3674
      2645.00      52.3619
      2646.00      52.3560
      2647.00      52.3498
      2648.00      52.3430
      2649.00      52.3358
      2650.00      52.3282
      2651.00      52.3200
      2652.00      52.3112
      2653.00      52.3020
      2654.00      52.2921
      2655.00      52.2817
      2656.00      52.2706
      2657.00      52.2590
      2658.00      52.2467
      2659.00      52.2337
      2660.00      52.2200
      2661.00      52.2056
      2662.00      52.1905
      2663.00      52.1747
      2664.00      52.1581
      2665.00      52.1406
      2666.00      52.1224
      2667.00      52.1033
      2668.00      52.0833
      2669.00      52.0624
      2670.00      52.0406
      2671.00      52.0178
      2672.00      51.9940
      2673.00      51.9693
      2674.00      51.9435
      2675.00      51.9166
      2676.00      51.8886
      2677.00      51.8595
      2678.00      51.8292
      2679.00      51.7977
      2680.00      51.7650
      2681.00      51.7310
      2682.00      51.6956
      2683.00      51.6590
      2684.00      51.6209
      2685.00      51.5815
      2686.00      51.5405
      2687.00      51.4981
      2688.00      51.4541
      2689.00      51.4085
      2690.00      51.3613
      2691.00      51.3124
      2692.00      51.2618
      2693.00      51.2094
      2694.00      51.1551
      2695.00      51.0990
      2696.00      51.0410
      2697.00      50.9811
      2698.00      50.9193
      2699.00      50.8557
      2700.00      50.7903
      2701.00      50.7231
      2702.00      50.6542
      2703.00      50.5836
      2704.00      50.5112
      2705.00      50.4372
      2706.00      50.3615
      2707.00      50.2841
      2708.00      50.2051
      2709.00      50.1245
      2710.00      50.0423
      2711.00      49.9585
      2712.00      49.8731
      2713.00      49.7861
      2714.00      49.6976
      2715.00      49.6076
      2716.00      49.5160
      2717.00      49.4228
      2718.00      49.3281
      2719.00      49.2319
      2720.00      49.1342
      2721.00      49.0349
      2722.00      48.9342
      2723.00      48.8319
      2724.00      48.7280
      2725.00      48.6227
      2726.00      48.5158
      2727.00      48.4074
      2728.00      48.2974
      2729.00      48.1859
      2730.00      48.0728
      2731.00      47.9582
      2732.00      47.8420
      2733.00      47.7242
      2734.00      47.6048
      2735.00      47.4837
      2736.00      47.3611
      2737.00      47.2368
      2738.00      47.1108
      2739.00      46.9832
      2740.00      46.8538
      2741.00      46.7228
      2742.00      46.5899
      2743.00      46.4554
      2744.00      46.3190
      2745.00      46.1811
      2746.00      46.0415
      2747.00      45.9003
      2748.00      45.7576
      2749.00      45.6135
      2750.00      45.4680
      2751.00      45.3210
      2752.00      45.1728
      2753.00      45.0233
      2754.00      44.8725
      2755.00      44.7205
      2756.00      44.5674
      2757.00      44.4132
      2758.00      44.2579
      2759.00      44.1016
      2760.00      43.9443
      2761.00      43.7860
      2762.00      43.6269
      2763.00      43.4668
      2764.00      43.3059
      2765.00      43.1442
      2766.00      42.9818
      2767.00      42.8186
      2768.00      42.6547
      2769.00      42.4901
      2770.00      42.3249
      2771.00      42.1592
      2772.00      41.9928
      2773.00      41.8259
      2774.00      41.6585
      2775.00      41.4906
      2776.00      41.3223
      2777.00      41.1535
      2778.00      40.9844
      2779.00      40.8149
      2780.00      40.6452
      2781.00      40.4751
      2782.00      40.3047
      2783.00      40.1341
      2784.00      39.9633
      2785.00      39.7923
      2786.00      39.6212
      2787.00      39.4500
      2788.00      39.2786
      2789.00      39.1072
      2790.00      38.9357
      2791.00      38.7643
      2792.00      38.5928
      2793.00      38.4214
      2794.00      38.2501
      2795.00      38.0788
      2796.00      37.9076
      2797.00      37.7365
      2798.00      37.5656
      2799.00      37.3949
      2800.00      37.2243
      2801.00      37.0540
      2802.00      36.8839
      2803.00      36.7141
      2804.00      36.5446
      2805.00      36.3753
      2806.00      36.2065
      2807.00      36.0379
      2808.00      35.8698
      2809.00      35.7021
      2810.00      35.5348
      2811.00      35.3680
      2812.00      35.2017
      2813.00      35.0358
      2814.00      34.8706
      2815.00      34.7059
      2816.00      34.5418
      2817.00      34.3783
      2818.00      34.2155
      2819.00      34.0534
      2820.00      33.8919
      2821.00      33.7313
      2822.00      33.5714
      2823.00      33.4123
      2824.00      33.2540
      2825.00      33.0966
      2826.00      32.9402
      2827.00      32.7846
      2828.00      32.6300
      2829.00      32.4765
      2830.00      32.3239
      2831.00      32.1725
      2832.00      32.0222
      2833.00      31.8730
      2834.00      31.7250
      2835.00      31.5783
      2836.00      31.4328
      2837.00      31.2886
      2838.00      31.1458
      2839.00      31.0043
      2840.00      30.8641
      2841.00      30.7252
      2842.00      30.5876
      2843.00      30.4512
      2844.00      30.3162
      2845.00      30.1824
      2846.00      30.0498
      2847.00      29.9184
      2848.00      29.7883
      2849.00      29.6595
      2850.00      29.5318
      2851.00      29.4054
      2852.00      29.2802
      2853.00      29.1562
      2854.00      29.0335
      2855.00      28.9119
      2856.00      28.7916
      2857.00      28.6725
      2858.00      28.5546
      2859.00      28.4379
      2860.00      28.3225
      2861.00      28.2083
      2862.00      28.0953
      2863.00      27.9836
      2864.00      27.8732
      2865.00      27.7640
      2866.00      27.6561
      2867.00      27.5495
      2868.00      27.4441
      2869.00      27.3401
      2870.00      27.2375
      2871.00      27.1361
      2872.00      27.0361
      2873.00      26.9375
      2874.00      26.8403
      2875.00      26.7445
      2876.00      26.6501
      2877.00      26.5572
      2878.00      26.4658
      2879.00      26.3758
      2880.00      26.2874
      2881.00      26.2005
      2882.00      26.1151
      2883.00      26.0314
      2884.00      25.9493
      2885.00      25.8688
      2886.00      25.7900
      2887.00      25.7127
      2888.00      25.6370
      2889.00      25.5628
      2890.00      25.4900
      2891.00      25.4187
      2892.00      25.3488
      2893.00      25.2803
      2894.00      25.2132
      2895.00      25.1473
      2896.00      25.0828
      2897.00      25.0196
      2898.00      24.9576
      2899.00      24.8968
      2900.00      24.8373
      2901.00      24.7789
      2902.00      24.7217
      2903.00      24.6656
      2904.00      24.6107
      2905.00      24.5568
      2906.00      24.5041
      2907.00      24.4524
      2908.00      24.4018
      2909.00      24.3522
      2910.00      24.3036
      2911.00      24.2561
      2912.00      24.2095
      2913.00      24.1640
      2914.00      24.1194
      2915.00      24.0757
      2916.00      24.0331
      2917.00      23.9913
      2918.00      23.9505
      2919.00      23.9107
      2920.00      23.8717
      2921.00      23.8336
      2922.00      23.7965
      2923.00      23.7603
      2924.00      23.7249
      2925.00      23.6904
      2926.00      23.6569
      2927.00      23.6242
      2928.00      23.5924
      2929.00      23.5614
      2930.00      23.5314
      2931.00      23.5022
      2932.00      23.4739
      2933.00      23.4465
      2934.00      23.4199
      2935.00      23.3940
      2936.00      23.3690
      2937.00      23.3447
      2938.00      23.3211
      2939.00      23.2982
      2940.00      23.2759
      2941.00      23.2543
      2942.00      23.2333
      2943.00      23.2129
      2944.00      23.1930
      2945.00      23.1737
      2946.00      23.1549
      2947.00      23.1366
      2948.00      23.1188
      2949.00      23.1014
      2950.00      23.0845
      2951.00      23.0679
      2952.00      23.0518
      2953.00      23.0359
      2954.00      23.0205
      2955.00      23.0054
      2956.00      22.9905
      2957.00      22.9760
      2958.00      22.9617
      2959.00      22.9476
      2960.00      22.9338
      2961.00      22.9202
      2962.00      22.9068
      2963.00      22.8935
      2964.00      22.8804
      2965.00      22.8674
      2966.00      22.8545
      2967.00      22.8417
      2968.00      22.8290
      2969.00      22.8163
      2970.00      22.8037
      2971.00      22.7911
      2972.00      22.7785
      2973.00      22.7659
      2974.00      22.7532
      2975.00      22.7405
      2976.00      22.7277
      2977.00      22.7148
      2978.00      22.7018
      2979.00      22.6887
      2980.00      22.6754
      2981.00      22.6620
      2982.00      22.6484
      2983.00      22.6346
      2984.00      22.6207
      2985.00      22.6066
      2986.00      22.5923
      2987.00      22.5778
      2988.00      22.5631
      2989.00      22.5482
      2990.00      22.5331
      2991.00      22.5177
      2992.00      22.5021
      2993.00      22.4863
      2994.00      22.4702
      2995.00      22.4538
      2996.00      22.4371
      2997.00      22.4202
      2998.00      22.4029
      2999.00      22.3853
      3000.00      22.3675
      3001.00      22.3492
      3002.00      22.3307
      3003.00      22.3118
      3004.00      22.2925
      3005.00      22.2729
      3006.00      22.2528
      3007.00      22.2324
      3008.00      22.2115
      3009.00      22.1902
      3010.00      22.1685
      3011.00      22.1463
      3012.00      22.1237
      3013.00      22.1006
      3014.00      22.0769
      3015.00      22.0528
      3016.00      22.0281
      3017.00      22.0029
      3018.00      21.9771
      3019.00      21.9508
      3020.00      21.9239
      3021.00      21.8963
      3022.00      21.8681
      3023.00      21.8393
      3024.00      21.8098
      3025.00      21.7796
      3026.00      21.7488
      3027.00      21.7172
      3028.00      21.6849
      3029.00      21.6519
      3030.00      21.6183
      3031.00      21.5840
      3032.00      21.5491
      3033.00      21.5136
      3034.00      21.4774
      3035.00      21.4407
      3036.00      21.4034
      3037.00      21.3655
      3038.00      21.3271
      3039.00      21.2881
      3040.00      21.2487
      3041.00      21.2087
      3042.00      21.1682
      3043.00      21.1272
      3044.00      21.0857
      3045.00      21.0437
      3046.00      21.0013
      3047.00      20.9585
      3048.00      20.9151
      3049.00      20.8714
      3050.00      20.8272
      3051.00      20.7826
      3052.00      20.7376
      3053.00      20.6922
      3054.00      20.6464
      3055.00      20.6003
      3056.00      20.5537
      3057.00      20.5067
      3058.00      20.4594
      3059.00      20.4118
      3060.00      20.3637
      3061.00      20.3153
      3062.00      20.2666
      3063.00      20.2175
      3064.00      20.1681
      3065.00      20.1184
      3066.00      20.0683
      3067.00      20.0179
      3068.00      19.9672
      3069.00      19.9161
      3070.00      19.8648
      3071.00      19.8131
      3072.00      19.7611
      3073.00      19.7088
      3074.00      19.6562
      3075.00      19.6033
      3076.00      19.5501
      3077.00      19.4966
      3078.00      19.4428
      3079.00      19.3888
      3080.00      19.3344
      3081.00      19.2797
      3082.00      19.2248
      3083.00      19.1695
      3084.00      19.1140
      3085.00      19.0581
      3086.00      19.0020
      3087.00      18.9456
      3088.00      18.8889
      3089.00      18.8319
      3090.00      18.7746
      3091.00      18.7171
      3092.00      18.6592
      3093.00      18.6010
      3094.00      18.5426
      3095.00      18.4838
      3096.00      18.4248
      3097.00      18.3654
      3098.00      18.3057
      3099.00      18.2458
      3100.00      18.1855
      3101.00      18.1249
      3102.00      18.0640
      3103.00      18.0028
      3104.00      17.9412
      3105.00      17.8793
      3106.00      17.8171
      3107.00      17.7546
      3108.00      17.6917
      3109.00      17.6285
      3110.00      17.5649
      3111.00      17.5009
      3112.00      17.4366
      3113.00      17.3719
      3114.00      17.3069
      3115.00      17.2415
      3116.00      17.1756
      3117.00      17.1094
      3118.00      17.0428
      3119.00      16.9758
