49 54 149
50 56 150
51 59 151
51 61 153
52 64 154
53 66 155
54 69 156
54 71 157
55 73 159
56 76 160
57 78 161
57 81 162
58 83 163
59 86 165
60 88 166
61 90 167
61 93 168
62 95 169
63 98 170
64 100 172
64 102 173
65 105 174
66 107 175
67 110 176
67 112 178
68 115 179
69 117 180
71 119 181
73 121 182
75 124 183
77 126 185
78 128 186
80 130 187
82 133 188
84 135 189
86 137 190
88 139 192
90 142 193
92 144 194
93 146 195
95 148 196
97 151 197
99 153 199
101 155 200
103 157 201
105 160 202
107 162 203
108 164 204
110 166 206
112 169 207
114 171 208
116 173 209
118 175 210
120 176 211
122 178 212
124 180 213
127 181 214
129 183 215
131 185 215
133 187 216
135 188 217
137 190 218
139 192 219
141 193 220
144 195 221
146 197 222
148 198 223
150 200 224
152 202 225
154 203 226
156 205 227
158 207 227
160 209 228
163 210 229
165 212 230
167 214 231
169 215 232
171 217 233
173 218 234
175 219 234
177 220 235
179 221 235
182 222 236
184 223 237
186 224 237
188 225 238
190 226 238
192 227 239
194 228 240
196 229 240
199 231 241
201 232 241
203 233 242
205 234 243
207 235 243
209 236 244
211 237 244
213 238 245
216 239 246
218 240 246
220 241 247
222 242 247
224 243 248
225 243 246
226 244 244
228 244 241
229 245 239
230 245 237
231 246 235
232 246 233
234 247 230
235 247 228
236 248 226
237 248 224
238 249 222
240 249 220
241 249 217
242 250 215
243 250 213
244 251 211
245 251 209
247 252 206
248 252 204
249 253 202
250 253 200
251 254 198
253 254 195
254 255 193
255 255 191
255 254 189
255 253 187
255 251 185
255 250 183
255 249 182
255 248 180
255 246 178
255 245 176
255 244 174
255 243 172
255 241 170
255 240 168
254 239 167
254 238 165
254 236 163
254 235 161
254 234 159
254 233 157
254 231 155
254 230 153
254 229 152
254 228 150
254 226 148
254 225 146
254 224 144
254 222 142
254 220 140
254 218 139
254 216 137
254 214 135
254 212 133
254 211 131
254 209 130
254 207 128
254 205 126
254 203 124
254 201 122
254 199 121
253 197 119
253 195 117
253 193 115
253 191 113
253 189 111
253 187 110
253 186 108
253 184 106
253 182 104
253 180 102
253 178 101
253 176 99
253 174 97
253 171 96
252 169 95
252 166 93
252 164 92
251 161 91
251 158 90
250 156 89
250 153 87
250 151 86
249 148 85
249 145 84
249 143 83
248 140 81
248 138 80
248 135 79
247 132 78
247 130 77
247 127 75
246 125 74
246 122 73
245 119 72
245 117 71
245 114 69
244 112 68
244 109 67
243 107 66
242 104 65
241 102 64
240 100 63
238 97 62
237 95 61
236 93 59
235 90 58
234 88 57
233 86 56
232 83 55
231 81 54
230 79 53
228 76 52
227 74 51
226 71 50
225 69 49
224 67 48
223 64 47
222 62 45
221 60 44
219 57 43
218 55 42
217 53 41
216 50 40
215 48 39
213 46 39
211 44 39
209 42 39
207 40 39
205 38 39
203 36 39
201 35 39
199 33 39
197 31 39
195 29 39
193 27 39
191 25 39
189 23 38
187 21 38
185 19 38
183 17 38
181 15 38
179 13 38
177 12 38
175 10 38
173 8 38
171 6 38
169 4 38
167 2 38
165 0 38
